0.0000          2.5935E-5
6.6339          2.6393E-5
13.268          2.6852E-5
19.902          2.7310E-5
26.536          2.8701E-5
33.170          3.0091E-5
39.803          3.1482E-5
46.437          3.3946E-5
53.071          3.6409E-5
59.705          3.8873E-5
66.339          4.2677E-5
72.973          4.6481E-5
79.607          5.0286E-5
86.241          5.5822E-5
92.875          6.1358E-5
99.509          6.6895E-5
106.14          7.4740E-5
112.78          8.2585E-5
119.41          9.0430E-5
126.04          1.0140E-4
132.68          1.1237E-4
139.31          1.2334E-4
145.95          1.3859E-4
152.58          1.5384E-4
159.21          1.6909E-4
165.85          1.9021E-4
172.48          2.1133E-4
179.12          2.3244E-4
185.75          2.6165E-4
192.38          2.9086E-4
199.02          3.2006E-4
205.65          3.6043E-4
212.29          4.0079E-4
218.92          4.4115E-4
225.55          4.9692E-4
232.19          5.5268E-4
238.82          6.0844E-4
245.45          6.8552E-4
252.09          7.6259E-4
258.72          8.3967E-4
265.36          9.4618E-4
271.99          0.0010527
278.62          0.0011592
285.26          0.0013065
291.89          0.0014538
298.53          0.0016011
305.16          0.0018049
311.79          0.0020086
318.43          0.0022123
325.06          0.0024943
331.70          0.0027763
338.33          0.0030583
344.96          0.0034487
351.60          0.0038391
358.23          0.0042295
364.87          0.0047703
371.50          0.0053112
378.13          0.0058520
384.77          0.0066017
391.40          0.0073514
398.03          0.0081010
404.67          0.0091408
411.30          0.010181
417.94          0.011220
424.57          0.012663
431.20          0.014106
437.84          0.015548
444.47          0.017552
451.11          0.019556
457.74          0.021560
464.37          0.024345
471.01          0.027130
477.64          0.029915
484.28          0.033789
490.91          0.037662
497.54          0.041536
504.18          0.046930
510.81          0.052323
517.45          0.057716
524.08          0.065229
530.71          0.072741
537.35          0.080254
543.98          0.090733
550.61          0.10121
557.25          0.11169
563.88          0.12633
570.52          0.14097
577.15          0.15561
583.78          0.17608
590.42          0.19655
597.05          0.21702
603.69          0.24568
610.32          0.27435
616.95          0.30301
623.59          0.34321
630.22          0.38341
636.86          0.42361
643.49          0.48009
650.12          0.53657
656.76          0.59305
663.39          0.67255
670.03          0.75204
676.66          0.83154
683.29          0.94371
689.93          1.0559
696.56          1.1680
703.19          1.3267
709.83          1.4853
716.46          1.6439
723.10          1.8690
729.73          2.0940
736.36          2.3190
743.00          2.6393
749.63          2.9596
756.27          3.2799
762.90          3.7375
769.53          4.1951
776.17          4.6528
782.80          5.3097
789.44          5.9667
796.07          6.6237
802.70          7.5734
809.34          8.5232
815.97          9.4730
822.58          10.849
829.20          12.225
835.81          13.601
842.39          15.598
848.98          17.594
855.56          19.590
862.04          22.498
868.52          25.405
875.00          28.312
881.07          32.314
887.14          36.316
893.22          40.317
898.72          45.647
904.23          50.978
909.74          56.308
914.83          63.154
919.91          69.999
925.00          76.845
929.87          83.556
934.74          90.267
939.60          96.977
944.73          102.48
949.86          107.97
954.98          113.47
960.59          117.49
966.20          121.50
971.81          125.52
977.97          127.73
984.12          129.95
990.28          132.17
996.76          132.18
1003.2          132.19
1009.7          132.19
1015.9          129.98
1022.0          127.77
1028.2          125.56
1033.8          121.53
1039.4          117.51
1045.0          113.48
1050.1          107.94
1055.3          102.41
1060.4          96.871
1065.3          90.138
1070.1          83.405
1075.0          76.672
1080.1          69.837
1085.2          63.001
1090.3          56.166
1095.8          50.881
1101.3          45.596
1106.8          40.311
1112.9          36.309
1118.9          32.307
1125.0          28.305
1131.5          25.401
1138.0          22.496
1144.4          19.592
1151.0          17.596
1157.6          15.601
1164.2          13.605
1170.8          12.230
1177.4          10.855
1184.0          9.4795
1190.7          8.5302
1197.3          7.5809
1203.9          6.6315
1210.6          5.9740
1217.2          5.3165
1223.8          4.6590
1230.5          4.2008
1237.1          3.7427
1243.7          3.2845
1250.4          2.9638
1257.0          2.6431
1263.6          2.3225
1270.3          2.0971
1276.9          1.8718
1283.5          1.6465
1290.2          1.4876
1296.8          1.3287
1303.4          1.1699
1310.1          1.0576
1316.7          0.94525
1323.3          0.83292
1330.0          0.75330
1336.6          0.67368
1343.2          0.59405
1349.9          0.53749
1356.5          0.48092
1363.1          0.42435
1369.8          0.38409
1376.4          0.34382
1383.0          0.30356
1389.7          0.27484
1396.3          0.24613
1402.9          0.21742
1409.6          0.19691
1416.2          0.17641
1422.8          0.15590
1429.5          0.14123
1436.1          0.12657
1442.8          0.11190
1449.4          0.10140
1456.0          0.090905
1462.7          0.080406
1469.3          0.072880
1475.9          0.065353
1482.6          0.057827
1489.2          0.052424
1495.8          0.047021
1502.5          0.041618
1509.1          0.037736
1515.7          0.033855
1522.4          0.029974
1529.0          0.027184
1535.6          0.024393
1542.3          0.021603
1548.9          0.019595
1555.5          0.017587
1562.2          0.015580
1568.8          0.014134
1575.4          0.012688
1582.1          0.011242
1588.7          0.010201
1595.3          0.0091590
1602.0          0.0081173
1608.6          0.0073661
1615.2          0.0066150
1621.9          0.0058639
1628.5          0.0053219
1635.1          0.0047800
1641.8          0.0042381
1648.4          0.0038469
1655.0          0.0034557
1661.7          0.0030645
1668.3          0.0027820
1674.9          0.0024995
1681.6          0.0022169
1688.2          0.0020128
1694.8          0.0018086
1701.5          0.0016044
1708.1          0.0014568
1714.7          0.0013092
1721.4          0.0011616
1728.0          0.0010549
1734.6          9.4814E-4
1741.3          8.4139E-4
1747.9          7.6416E-4
1754.5          6.8694E-4
1761.2          6.0971E-4
1767.8          5.5383E-4
1774.4          4.9794E-4
1781.1          4.4206E-4
1787.7          4.0162E-4
1794.3          3.6117E-4
1801.0          3.2073E-4
1807.6          2.9146E-4
1814.3          2.6220E-4
1820.9          2.3293E-4
1827.5          2.1177E-4
1834.2          1.9061E-4
1840.8          1.6944E-4
1847.4          1.5417E-4
1854.1          1.3889E-4
1860.7          1.2361E-4
1867.3          1.1261E-4
1874.0          1.0162E-4
1880.6          9.0619E-5
1887.2          8.2758E-5
1893.9          7.4896E-5
1900.5          6.7034E-5
1907.1          6.1486E-5
1913.8          5.5937E-5
1920.4          5.0389E-5
1927.0          4.6579E-5
1933.7          4.2768E-5
1940.3          3.8958E-5
1946.9          3.6486E-5
1953.6          3.4014E-5
1960.2          3.1542E-5
1966.8          3.0152E-5
1973.5          2.8762E-5
1980.1          2.7373E-5
1986.7          2.6912E-5
1993.4          2.6451E-5
2000.0          2.5991E-5
